sheet=yuki_spritesheet.png size=(724, 2172) grid=4x12 cell=181x181 source=(809, 1942) normalized_inner=171 component_cleanup=true
[Idle] width 86-96 avg 91.0; height 147-147 avg 147.0; min_margin 5
[Walk] width 91-127 avg 108.8; height 166-171 avg 169.4; min_margin 5
[Run] width 106-127 avg 118.8; height 166-171 avg 169.2; min_margin 5
[Attack] width 118-171 avg 146.9; height 171-171 avg 171.0; min_margin 5
[Special] width 79-171 avg 142.4; height 162-171 avg 169.6; min_margin 5
[Hit] width 79-124 avg 96.3; height 147-169 avg 155.7; min_margin 5
[Dead/Down] width 77-171 avg 133.7; height 76-158 avg 127.8; min_margin 5
[Crouch] width 97-102 avg 100.8; height 123-131 avg 126.8; min_margin 5
edge_risk_frames=none

per_frame: idx row col w h left top right bottom
00 1 1 89 147 55 29 37 5
01 1 2 96 147 38 29 47 5
02 1 3 93 147 25 29 63 5
03 1 4 86 147 14 29 81 5
04 2 1 91 168 48 8 42 5
05 2 2 103 170 26 6 52 5
06 2 3 93 169 25 7 63 5
07 2 4 108 171 9 5 64 5
08 3 1 106 169 37 7 38 5
09 3 2 123 171 23 5 35 5
10 3 3 119 171 15 5 47 5
11 3 4 127 166 5 10 49 5
12 4 1 118 171 43 5 20 5
13 4 2 132 171 27 5 22 5
14 4 3 149 171 23 5 9 5
15 4 4 145 171 5 5 31 5
16 5 1 131 171 31 5 19 5
17 5 2 160 171 16 5 5 5
18 5 3 171 171 5 5 5 5
19 5 4 145 171 5 5 31 5
20 6 1 123 171 34 5 24 5
21 6 2 165 171 9 5 7 5
22 6 3 171 171 5 5 5 5
23 6 4 149 171 5 5 27 5
24 7 1 125 171 17 5 39 5
25 7 2 161 171 15 5 5 5
26 7 3 171 171 5 5 5 5
27 7 4 135 171 5 5 41 5
28 8 1 135 162 31 5 15 14
29 8 2 162 171 14 5 5 5
30 8 3 171 171 5 5 5 5
31 8 4 79 169 5 5 97 7
32 9 1 124 147 21 5 36 29
33 9 2 86 151 23 5 72 25
34 9 3 165 149 9 5 7 27
35 9 4 77 151 5 5 99 25
36 10 1 129 76 20 41 32 64
37 10 2 160 89 14 26 7 66
38 10 3 170 77 5 42 6 62
39 10 4 115 91 5 36 61 54
40 11 1 135 152 22 24 24 5
41 11 2 156 158 20 18 5 5
42 11 3 171 148 5 25 5 8
43 11 4 116 144 5 29 60 8
44 12 1 102 123 37 5 42 53
45 12 2 97 125 23 5 61 51
46 12 3 102 128 6 5 73 48
47 12 4 102 131 6 5 73 45
